x	y
1.50 	1.50 
2.31 	-0.99 
2.50 	0.57 
1.86 	1.13 
1.93 	1.78 
3.10 	3.07 
2.32 	2.69 
2.35 	2.58 
1.93 	1.86 
2.82 	-0.09 
2.86 	0.47 
2.84 	0.89 
2.36 	0.90 
2.09 	1.08 
1.69 	1.75 
2.05 	1.41 
1.72 	1.57 
1.95 	1.14 
2.32 	2.12 
2.77 	0.35 
2.81 	0.90 
1.62 	-1.25 
1.34 	-0.98 
0.33 	0.07 
0.10 	-0.30 
0.85 	0.50 
0.95 	0.93 
0.79 	0.70 
0.68 	-0.91 
1.48 	1.30 
3.13 	-0.94 
2.16 	-2.19 
0.04 	-2.97 
0.29 	-2.98 
0.58 	-2.65 
1.62 	-1.88 
2.15 	-2.20 
2.58 	-2.74 
2.99 	-2.86 
2.42 	-1.03 
1.94 	0.83 
1.85 	0.74 
2.56 	0.75 
2.46 	0.70 
2.60 	0.60 
1.58 	1.78 
1.49 	1.92 
2.21 	2.38 
1.78 	1.79 
1.36 	1.12 
1.31 	1.58 
